
1 1 
1 2 
1 5 
1 6 
1 7 
1 3 
1 8 
1 4 
2 47646 
2 47647 
2 13019 
2 47648 
2 47649 
2 47650 
2 7700 
2 47651 
2 47652 
3 511596 
5 1 
5 9 
5 10 
5 11 
5 12 
5 13 
5 14 
5 15 
5 16 
5 17 
5 18 
5 19 
5 7 
5 8 
6 1 
6 20 
6 12 
6 13 
6 21 
6 22 
6 23 
6 24 
6 25 
6 7 
6 8 
7 1 
7 5 
7 26 
7 27 
7 23 
7 28 
7 29 
7 30 
7 18 
7 31 
7 32 
7 8 
8 1 
8 5 
8 33 
8 34 
8 35 
8 21 
8 36 
8 37 
8 32 
8 7 
9 71107 
9 71108 
9 71109 
9 21 
9 71110 
9 71111 
9 39350 
9 71112 
9 71113 
10 1 
10 30555 
10 5 
10 26 
10 12 
10 13 
10 27 
10 104816 
10 171168 
10 23 
10 28 
10 24 
10 17 
10 171169 
10 29 
10 171170 
10 171171 
10 104784 
10 30 
10 18 
10 19 
10 32 
10 7 
10 8 
11 5 
